5.059199929237365723e-01,1.106495976448059082e+00,3.154655933380126953e+00,9.122880101203918457e-01
4.977599978446960449e-01,1.090175986289978027e+00,3.206880092620849609e+00,9.122880101203918457e-01
4.536960124969482422e-01,1.062432050704956055e+00,3.303168058395385742e+00,9.286080002784729004e-01
4.177919924259185791e-01,1.046111941337585449e+00,3.206880092620849609e+00,8.682240247726440430e-01
4.096319973468780518e-01,1.098335981369018555e+00,3.303168058395385742e+00,9.645119905471801758e-01
5.140799880027770996e-01,1.010208010673522949e+00,3.223200082778930664e+00,8.241599798202514648e-01
6.022080183029174805e-01,1.098335981369018555e+00,3.259104013442993164e+00,8.404800295829772949e-01
5.581439733505249023e-01,1.070592045783996582e+00,3.355391979217529297e+00,8.763840198516845703e-01
4.781759977340698242e-01,1.054272055625915527e+00,3.275424003601074219e+00,8.763840198516845703e-01
5.140799880027770996e-01,1.026528000831604004e+00,3.311327934265136719e+00,8.323199748992919922e-01
4.700160026550292969e-01,9.661440253257751465e-01,3.267263889312744141e+00,8.486400246620178223e-01
5.303999781608581543e-01,1.158720016479492188e+00,3.187295913696289062e+00,7.882559895515441895e-01
6.625919938087463379e-01,1.130975961685180664e+00,3.319488048553466797e+00,8.845440149307250977e-01
5.222399830818176270e-01,1.070592045783996582e+00,3.275424003601074219e+00,8.927040100097656250e-01
5.826240181922912598e-01,1.042847990989685059e+00,3.432096004486083984e+00,7.964159846305847168e-01
6.185280084609985352e-01,1.122815966606140137e+00,3.327647924423217773e+00,9.367679953575134277e-01
4.781759977340698242e-01,1.122815966606140137e+00,3.327647924423217773e+00,9.367679953575134277e-01
4.422720074653625488e-01,1.139135956764221191e+00,3.379872083663940430e+00,8.568000197410583496e-01
4.422720074653625488e-01,1.034687995910644531e+00,3.239520072937011719e+00,7.964159846305847168e-01
6.707519888877868652e-01,1.034687995910644531e+00,3.379872083663940430e+00,7.964159846305847168e-01
5.907840132713317871e-01,1.147295951843261719e+00,3.432096004486083984e+00,7.964159846305847168e-01
7.229760289192199707e-01,1.130975961685180664e+00,3.448415994644165039e+00,8.127359747886657715e-01
6.789119839668273926e-01,1.199519991874694824e+00,3.388031959533691406e+00,8.927040100097656250e-01
7.392960190773010254e-01,1.139135956764221191e+00,3.484319925308227539e+00,7.523519992828369141e-01
6.789119839668273926e-01,1.095072031021118164e+00,3.404351949691772461e+00,7.523519992828369141e-01
8.192639946937561035e-01,1.207679986953735352e+00,3.440256118774414062e+00,7.686719894409179688e-01
8.796479701995849609e-01,1.191359996795654297e+00,3.536544084548950195e+00,7.523519992828369141e-01
7.752000093460083008e-01,1.259904026985168457e+00,3.508800029754638672e+00,7.523519992828369141e-01
8.714879751205444336e-01,1.199519991874694824e+00,3.544703960418701172e+00,8.045759797096252441e-01
8.878080248832702637e-01,1.268064022064208984e+00,3.448415994644165039e+00,6.642240285873413086e-01
9.759359955787658691e-01,1.155455946922302246e+00,3.561023950576782227e+00,7.523519992828369141e-01
9.840959906578063965e-01,1.155455946922302246e+00,3.500639915466308594e+00,7.523519992828369141e-01
9.481920003890991211e-01,1.223999977111816406e+00,3.693216085433959961e+00,8.649600148200988770e-01
1.088544011116027832e+00,1.207679986953735352e+00,3.561023950576782227e+00,8.045759797096252441e-01
1.008576035499572754e+00,1.207679986953735352e+00,3.605087995529174805e+00,7.605119943618774414e-01
1.044479966163635254e+00,1.372511982917785645e+00,3.701375961303710938e+00,7.164480090141296387e-01
1.044479966163635254e+00,1.356191992759704590e+00,3.657311916351318359e+00,7.849919795989990234e-01
1.044479966163635254e+00,1.356191992759704590e+00,3.657311916351318359e+00,7.849919795989990234e-01
1.096704006195068359e+00,1.320287942886352539e+00,3.709536075592041016e+00,6.805440187454223633e-01
1.096704006195068359e+00,1.320287942886352539e+00,3.665472030639648438e+00,7.768319845199584961e-01
1.113023996353149414e+00,1.344768047332763672e+00,3.778079986572265625e+00,7.490879893302917480e-01
1.008576035499572754e+00,1.232159972190856934e+00,3.813983917236328125e+00,6.887040138244628906e-01
1.104864001274108887e+00,1.352928042411804199e+00,3.910271883010864258e+00,7.849919795989990234e-01
1.121183991432189941e+00,1.476959943771362305e+00,3.882528066635131836e+00,7.409279942512512207e-01
1.016736030578613281e+00,1.432896018028259277e+00,3.918431997299194336e+00,7.572479844093322754e-01
9.808319807052612305e-01,1.317023992538452148e+00,3.874367952346801758e+00,7.490879893302917480e-01
1.024896025657653809e+00,1.396991968154907227e+00,4.083263874053955078e+00,7.050240039825439453e-01
1.121183991432189941e+00,1.421471953392028809e+00,3.926592111587524414e+00,8.176320195198059082e-01
1.137503981590270996e+00,1.449216008186340332e+00,4.022880077362060547e+00,7.572479844093322754e-01
1.077119946479797363e+00,1.473695993423461914e+00,4.127327919006347656e+00,7.572479844093322754e-01
1.033056020736694336e+00,1.501440048217773438e+00,4.075104236602783203e+00,7.131839990615844727e-01
1.049376010894775391e+00,1.457376003265380859e+00,4.215456008911132812e+00,7.817280292510986328e-01
1.085279941558837891e+00,1.457376003265380859e+00,4.075104236602783203e+00,7.213439941406250000e-01
1.041216015815734863e+00,1.481855988502502441e+00,4.187712192535400391e+00,8.176320195198059082e-01
1.057536005973815918e+00,1.509600043296813965e+00,4.171391963958740234e+00,7.735679745674133301e-01
9.971519708633422852e-01,1.490015983581542969e+00,4.267680168151855469e+00,7.458239793777465820e-01
9.971519708633422852e-01,1.614048004150390625e+00,4.283999919891357422e+00,7.295039892196655273e-01
9.171839952468872070e-01,1.578143954277038574e+00,4.223616123199462891e+00,6.854400038719177246e-01
1.093440055847167969e+00,1.578143954277038574e+00,4.319903850555419922e+00,7.817280292510986328e-01
1.013471961021423340e+00,1.622207999229431152e+00,4.292160034179687500e+00,7.017599940299987793e-01
9.971519708633422852e-01,1.646687984466552734e+00,4.372128009796142578e+00,8.339520096778869629e-01
1.093440055847167969e+00,1.578143954277038574e+00,4.372128009796142578e+00,7.898880243301391602e-01
1.109760046005249023e+00,1.602624058723449707e+00,4.484735965728759766e+00,7.180799841880798340e-01
9.530879855155944824e-01,1.534080028533935547e+00,4.424352169036865234e+00,7.017599940299987793e-01
1.049376010894775391e+00,1.490015983581542969e+00,4.424352169036865234e+00,7.980480194091796875e-01
9.694079756736755371e-01,1.610784053802490234e+00,4.536960124969482422e+00,7.539839744567871094e-01
1.049376010894775391e+00,1.638527989387512207e+00,4.484735965728759766e+00,8.225280046463012695e-01
1.049376010894775391e+00,1.663007974624633789e+00,4.476575851440429688e+00,8.062080144882202148e-01
1.065696001052856445e+00,1.690752029418945312e+00,4.700160026550292969e+00,8.062080144882202148e-01
9.530879855155944824e-01,1.671167969703674316e+00,4.700160026550292969e+00,7.621440291404724121e-01
1.049376010894775391e+00,1.671167969703674316e+00,4.771967887878417969e+00,8.306879997253417969e-01
1.005311965942382812e+00,1.646687984466552734e+00,5.026559829711914062e+00,8.143680095672607422e-01
9.971519708633422852e-01,1.742975950241088867e+00,5.026559829711914062e+00,7.703040242195129395e-01
1.057536005973815918e+00,1.767456054687500000e+00,5.098368167877197266e+00,8.665919899940490723e-01
1.041216015815734863e+00,1.698912024497985840e+00,5.189760208129882812e+00,8.388479948043823242e-01
1.041216015815734863e+00,1.723392009735107422e+00,5.189760208129882812e+00,9.188159704208374023e-01
9.612479805946350098e-01,1.654847979545593262e+00,5.366015911102294922e+00,8.747519850730895996e-01
1.041216015815734863e+00,1.803359985351562500e+00,5.457407951354980469e+00,8.470079898834228516e-01
9.971519708633422852e-01,1.671167969703674316e+00,5.457407951354980469e+00,9.710400104522705078e-01
1.013471961021423340e+00,1.803359985351562500e+00,5.366015911102294922e+00,7.866240143775939941e-01
9.971519708633422852e-01,1.783776044845581055e+00,5.888256072998046875e+00,8.829119801521301270e-01
9.971519708633422852e-01,1.759295940399169922e+00,5.888256072998046875e+00,9.073920249938964844e-01
1.013471961021423340e+00,1.783776044845581055e+00,6.005760192871093750e+00,9.351360201835632324e-01
9.971519708633422852e-01,1.855584025382995605e+00,6.155903816223144531e+00,8.910719752311706543e-01
1.093440055847167969e+00,1.715232014656066895e+00,6.319104194641113281e+00,9.873600006103515625e-01
1.093440055847167969e+00,1.835999965667724609e+00,6.586751937866210938e+00,9.155520200729370117e-01
9.971519708633422852e-01,1.767456054687500000e+00,6.495359897613525391e+00,9.432960152626037598e-01
8.927040100097656250e-01,1.888224005699157715e+00,6.586751937866210938e+00,9.432960152626037598e-01
1.049376010894775391e+00,1.888224005699157715e+00,7.017600059509277344e+00,8.992319703102111816e-01
1.033056020736694336e+00,1.723392009735107422e+00,6.926208019256591797e+00,8.992319703102111816e-01
1.033056020736694336e+00,1.888224005699157715e+00,7.017600059509277344e+00,9.677760004997253418e-01
9.530879855155944824e-01,1.915967941284179688e+00,7.180799961090087891e+00,8.551679849624633789e-01
1.033056020736694336e+00,1.915967941284179688e+00,7.357056140899658203e+00,8.551679849624633789e-01
9.367679953575134277e-01,1.800096035003662109e+00,7.448448181152343750e+00,9.677760004997253418e-01
9.530879855155944824e-01,1.775616049766540527e+00,7.611648082733154297e+00,9.073920249938964844e-01
1.033056020736694336e+00,1.896384000778198242e+00,7.624703884124755859e+00,1.003679990768432617e+00
9.889919757843017578e-01,1.924128055572509766e+00,8.042495727539062500e+00,1.003679990768432617e+00
1.101600050926208496e+00,1.924128055572509766e+00,8.042495727539062500e+00,9.318720102310180664e-01
1.137503981590270996e+00,1.852319955825805664e+00,8.323200225830078125e+00,1.003679990768432617e+00
1.101600050926208496e+00,1.976351976394653320e+00,8.368895530700683594e+00,1.003679990768432617e+00
1.041216015815734863e+00,1.956768035888671875e+00,8.532095909118652344e+00,8.633279800415039062e-01
1.041216015815734863e+00,1.932288050651550293e+00,8.962944030761718750e+00,1.028159976005554199e+00
1.057536005973815918e+00,1.912703990936279297e+00,8.871552467346191406e+00,9.596160054206848145e-01
1.137503981590270996e+00,1.984511971473693848e+00,9.289343833923339844e+00,1.055904030799865723e+00
9.971519708633422852e-01,1.984511971473693848e+00,9.452544212341308594e+00,1.011839985847473145e+00
1.057536005973815918e+00,2.105279922485351562e+00,9.524352073669433594e+00,1.080384016036987305e+00
1.085279941558837891e+00,2.105279922485351562e+00,9.778944015502929688e+00,1.011839985847473145e+00
1.085279941558837891e+00,1.984511971473693848e+00,9.942144393920898438e+00,1.011839985847473145e+00
1.101600050926208496e+00,1.964928030967712402e+00,1.001395225524902344e+01,1.116287946701049805e+00
1.085279941558837891e+00,1.940448045730590820e+00,1.010534381866455078e+01,1.011839985847473145e+00
1.041216015815734863e+00,2.000832080841064453e+00,1.043174362182617188e+01,1.011839985847473145e+00
1.013471961021423340e+00,2.036736011505126953e+00,1.060799980163574219e+01,1.108127951622009277e+00
1.145663976669311523e+00,2.080800056457519531e+00,1.086259174346923828e+01,1.176671981811523438e+00
1.021631956100463867e+00,1.964928030967712402e+00,1.092134380340576172e+01,1.108127951622009277e+00
9.612479805946350098e-01,2.036736011505126953e+00,1.120204830169677734e+01,1.064064025878906250e+00
1.057536005973815918e+00,2.061216115951538086e+00,1.124774360656738281e+01,1.204416036605834961e+00
1.073855996131896973e+00,2.036736011505126953e+00,1.141094398498535156e+01,1.132608056068420410e+00
1.013471961021423340e+00,2.133023977279663086e+00,1.141094398498535156e+01,1.204416036605834961e+00
9.694079756736755371e-01,2.017152070999145508e+00,1.148275184631347656e+01,1.204416036605834961e+00
1.082015991210937500e+00,1.992671966552734375e+00,1.190054416656494141e+01,1.204416036605834961e+00
1.021631956100463867e+00,2.017152070999145508e+00,1.163289642333984375e+01,1.272959947586059570e+00
1.117920041084289551e+00,1.992671966552734375e+00,1.186790370941162109e+01,1.204416036605834961e+00
9.938880205154418945e-01,2.061216115951538086e+00,1.228569602966308594e+01,1.300704002380371094e+00
1.073855996131896973e+00,1.940448045730590820e+00,1.234444808959960938e+01,1.308863997459411621e+00
1.029791951179504395e+00,1.940448045730590820e+00,1.241625595092773438e+01,1.308863997459411621e+00
1.037951946258544922e+00,2.080800056457519531e+00,1.272959995269775391e+01,1.352928042411804199e+00
1.126080036163330078e+00,2.105279922485351562e+00,1.289280033111572266e+01,1.352928042411804199e+00
1.002048015594482422e+00,2.080800056457519531e+00,1.312780761718750000e+01,1.421471953392028809e+00
1.082015991210937500e+00,2.105279922485351562e+00,1.344115161895751953e+01,1.256639957427978516e+00
1.082015991210937500e+00,1.984511971473693848e+00,1.376755237579345703e+01,1.352928042411804199e+00
1.098335981369018555e+00,2.133023977279663086e+00,1.410700798034667969e+01,1.352928042411804199e+00
1.082015991210937500e+00,2.036736011505126953e+00,1.447910404205322266e+01,1.377408027648925781e+00
1.082015991210937500e+00,2.072639942169189453e+00,1.496870422363281250e+01,1.405151963233947754e+00
1.098335981369018555e+00,2.097120046615600586e+00,1.519065570831298828e+01,1.501440048217773438e+00
1.082015991210937500e+00,2.072639942169189453e+00,1.542566394805908203e+01,1.405151963233947754e+00
9.857280254364013672e-01,2.000832080841064453e+00,1.600665664672851562e+01,1.473695993423461914e+00
1.098335981369018555e+00,1.976351976394653320e+00,1.639180755615234375e+01,1.545503973960876465e+00
1.082015991210937500e+00,2.072639942169189453e+00,1.679001617431640625e+01,1.545503973960876465e+00
9.938880205154418945e-01,2.000832080841064453e+00,1.753420829772949219e+01,1.597728013992309570e+00
1.037951946258544922e+00,2.020416021347045898e+00,1.775616073608398438e+01,1.605888009071350098e+00
1.082015991210937500e+00,2.088959932327270508e+00,1.815436744689941406e+01,1.738080024719238281e+00
1.002048015594482422e+00,2.108544111251831055e+00,1.815436744689941406e+01,1.738080024719238281e+00
1.126080036163330078e+00,2.108544111251831055e+00,1.863091278076171875e+01,1.806624054908752441e+00
1.126080036163330078e+00,2.036736011505126953e+00,1.912051200866699219e+01,1.738080024719238281e+00
1.142400026321411133e+00,2.012255907058715820e+00,1.935552024841308594e+01,1.878432035446166992e+00
1.126080036163330078e+00,2.056319952011108398e+00,1.983206367492675781e+01,1.974720001220703125e+00
1.126080036163330078e+00,2.080800056457519531e+00,2.088307189941406250e+01,1.902912020683288574e+00
1.142400026321411133e+00,1.960031986236572266e+00,2.125516891479492188e+01,1.930655956268310547e+00
1.126080036163330078e+00,2.124864101409912109e+00,2.125516891479492188e+01,2.071007966995239258e+00
1.082015991210937500e+00,2.048160076141357422e+00,2.201241683959960938e+01,2.071007966995239258e+00
1.098335981369018555e+00,2.004096031188964844e+00,2.239756774902343750e+01,2.139552116394042969e+00
1.082015991210937500e+00,1.960031986236572266e+00,2.306342315673828125e+01,2.071007966995239258e+00
1.098335981369018555e+00,2.039999961853027344e+00,2.343552017211914062e+01,2.167295932769775391e+00
9.416639804840087891e-01,2.108544111251831055e+00,2.425152015686035156e+01,2.263583898544311523e+00
9.416639804840087891e-01,1.987776041030883789e+00,2.481292724609375000e+01,2.376192092895507812e+00
1.082015991210937500e+00,2.056319952011108398e+00,2.561587142944335938e+01,2.359872102737426758e+00
1.194623947143554688e+00,1.935552000999450684e+00,2.616422462463378906e+01,2.359872102737426758e+00
1.037951946258544922e+00,2.075903892517089844e+00,2.705203247070312500e+01,2.568768024444580078e+00
1.134240031242370605e+00,2.100383996963500977e+00,2.795942306518554688e+01,2.596512079238891602e+00
1.150560021400451660e+00,2.075903892517089844e+00,2.893862342834472656e+01,2.692800045013427734e+00
1.134240031242370605e+00,2.075903892517089844e+00,2.939558410644531250e+01,2.789088010787963867e+00
1.134240031242370605e+00,2.048160076141357422e+00,3.030297660827636719e+01,2.953919887542724609e+00
1.150560021400451660e+00,2.023679971694946289e+00,3.117772865295410156e+01,2.981663942337036133e+00
1.134240031242370605e+00,1.995936036109924316e+00,3.190233612060546875e+01,3.174240112304687500e+00
1.134240031242370605e+00,2.067744016647338867e+00,3.313612747192382812e+01,3.270528078079223633e+00
1.194623947143554688e+00,2.015520095825195312e+00,3.411532974243164062e+01,3.575711965560913086e+00
1.134240031242370605e+00,2.084064006805419922e+00,3.482688140869140625e+01,3.603456020355224609e+00
1.106495976448059082e+00,1.963296055793762207e+00,3.576038360595703125e+01,3.796031951904296875e+00
1.090175986289978027e+00,2.075903892517089844e+00,3.694847869873046875e+01,3.988607883453369141e+00
1.186463952064514160e+00,1.955135941505432129e+00,3.831283187866210938e+01,4.153439998626708984e+00
1.299072027206420898e+00,1.999199986457824707e+00,3.952703857421875000e+01,4.373760223388671875e+00
1.186463952064514160e+00,2.103647947311401367e+00,4.081958389282226562e+01,4.662623882293701172e+00
1.230527997016906738e+00,2.087327957153320312e+00,4.251033782958984375e+01,4.871520042419433594e+00
1.246847987174987793e+00,2.059583902359008789e+00,4.405094528198242188e+01,5.336639881134033203e+00
1.274592041969299316e+00,2.035104036331176758e+00,4.589184188842773438e+01,5.620607852935791016e+00
1.178303956985473633e+00,2.007359981536865234e+00,4.790899276733398438e+01,6.273407936096191406e+00
1.194623947143554688e+00,2.079168081283569336e+00,5.026559829711914062e+01,6.462719917297363281e+00
1.222368001937866211e+00,2.079168081283569336e+00,5.275929641723632812e+01,7.637760162353515625e+00
1.222368001937866211e+00,2.123231887817382812e+00,5.542924880981445312e+01,8.186112403869628906e+00
1.134240031242370605e+00,2.095488071441650391e+00,5.806655883789062500e+01,9.165311813354492188e+00
1.310495972633361816e+00,2.115072011947631836e+00,6.104985427856445312e+01,9.165311813354492188e+00
1.230527997016906738e+00,1.991039991378784180e+00,6.469900512695312500e+01,1.000742435455322266e+01
1.258272051811218262e+00,2.106911897659301758e+00,6.830246734619140625e+01,1.140441608428955078e+01
1.206048011779785156e+00,2.026943922042846680e+00,7.190592193603515625e+01,1.276876831054687500e+01
1.266432046890258789e+00,1.958400011062622070e+00,7.594022369384765625e+01,1.419187164306640625e+01
1.294175982475280762e+00,2.002464056015014648e+00,8.068608093261718750e+01,1.584998416900634766e+01
1.197888016700744629e+00,2.018784046173095703e+00,8.577139282226562500e+01,1.779532814025878906e+01
1.258272051811218262e+00,1.950240015983581543e+00,9.132019042968750000e+01,1.987123107910156250e+01
1.286015987396240234e+00,2.062848091125488281e+00,9.743039703369140625e+01,2.212339210510253906e+01
1.330080032348632812e+00,1.994303941726684570e+00,1.037168655395507812e+02,2.506099128723144531e+01
1.294175982475280762e+00,2.134655952453613281e+00,1.106887664794921875e+02,2.790719985961914062e+01
1.321920037269592285e+00,2.054687976837158203e+00,1.188748779296875000e+02,3.173260879516601562e+01
1.277855992317199707e+00,2.178719997406005859e+00,1.272959976196289062e+02,3.601497650146484375e+01
1.269695997238159180e+00,2.195039987564086914e+00,1.369966125488281250e+02,4.113292694091796875e+01
1.261536002159118652e+00,2.126496076583862305e+00,1.477482299804687500e+02,4.709299087524414062e+01
1.225631952285766602e+00,2.126496076583862305e+00,1.593876495361328125e+02,5.441740798950195312e+01
1.349663972854614258e+00,2.239104032516479492e+00,1.724240570068359375e+02,6.268838500976562500e+01
1.393728017807006836e+00,2.170559883117675781e+00,1.847619781494140625e+02,7.305484771728515625e+01
1.357823967933654785e+00,2.214623928070068359e+00,1.888093414306640625e+02,7.944576263427734375e+01
1.297440052032470703e+00,2.090591907501220703e+00,1.889725494384765625e+02,8.005286407470703125e+01
1.297440052032470703e+00,2.214623928070068359e+00,1.889137878417968750e+02,8.012467193603515625e+01
1.357823967933654785e+00,2.186880111694335938e+00,1.894033966064453125e+02,8.032051086425781250e+01
1.297440052032470703e+00,2.214623928070068359e+00,1.899647979736328125e+02,7.999411010742187500e+01
1.297440052032470703e+00,2.275007963180541992e+00,1.915837402343750000e+02,7.803571319580078125e+01
1.357823967933654785e+00,2.022047996520996094e+00,1.931112976074218750e+02,7.579660797119140625e+01
1.297440052032470703e+00,2.162400007247924805e+00,1.945931549072265625e+02,7.349874877929687500e+01
1.261536002159118652e+00,2.275007963180541992e+00,1.969236450195312500e+02,7.044364929199218750e+01
1.253376007080078125e+00,2.258687973022460938e+00,2.012843475341796875e+02,6.499929809570312500e+01
1.297440052032470703e+00,2.275007963180541992e+00,2.071269073486328125e+02,5.640192031860351562e+01
1.269695997238159180e+00,2.399039983749389648e+00,2.142489624023437500e+02,4.458623886108398438e+01
1.349663972854614258e+00,2.390880107879638672e+00,2.206725158691406250e+02,3.030950355529785156e+01
1.445952057838439941e+00,2.539391994476318359e+00,2.268871612548828125e+02,1.615027236938476562e+01
1.313760042190551758e+00,2.707488059997558594e+00,2.312348175048828125e+02,5.659776210784912109e+00
1.349663972854614258e+00,2.707488059997558594e+00,2.340679626464843750e+02,2.097120046615600586e+00
1.357823967933654785e+00,2.759711980819702148e+00,2.341985321044921875e+02,1.450847983360290527e+00
1.574880003929138184e+00,2.919647932052612305e+00,2.313196868896484375e+02,1.310495972633361816e+00
1.514495968818664551e+00,4.980864048004150391e+00,2.226113281250000000e+02,1.233791947364807129e+00
1.618944048881530762e+00,2.022374343872070312e+01,2.106977233886718750e+02,1.209311962127685547e+00
1.607519984245300293e+00,4.482124710083007812e+01,1.950892791748046875e+02,1.096704006195068359e+00
1.747871994972229004e+00,7.280025482177734375e+01,1.950892791748046875e+02,1.184831976890563965e+00
1.956768035888671875e+00,1.044479980468750000e+02,1.752572174072265625e+02,1.052639961242675781e+00
1.956768035888671875e+00,1.374862060546875000e+02,1.529902038574218750e+02,8.763840198516845703e-01
1.956768035888671875e+00,1.709160919189453125e+02,1.271915512084960938e+02,9.008640050888061523e-01
1.973088026046752930e+00,2.030860748291015625e+02,9.985881805419921875e+01,9.367679953575134277e-01
2.181983947753906250e+00,2.330496063232421875e+02,6.978431701660156250e+01,7.001280188560485840e-01
2.193408012390136719e+00,2.562958068847656250e+02,3.836505508422851562e+01,8.845440149307250977e-01
2.413727998733520508e+00,2.755207824707031250e+02,1.300377559661865234e+01,9.367679953575134277e-01
2.562239885330200195e+00,2.860112609863281250e+02,2.485536098480224609e+00,1.016736030578613281e+00
3.299904108047485352e+00,2.885441284179687500e+02,1.602624058723449707e+00,1.041216015815734863e+00
1.277529621124267578e+01,2.799532775878906250e+02,1.473695993423461914e+00,9.253439903259277344e-01
3.461145782470703125e+01,2.624451904296875000e+02,1.352928042411804199e+00,1.054272055625915527e+00
6.281241607666015625e+01,2.624451904296875000e+02,1.344768047332763672e+00,1.194623947143554688e+00
9.478002929687500000e+01,2.404262390136718750e+02,1.256639957427978516e+00,1.202783942222595215e+00
1.173342742919921875e+02,2.272527313232421875e+02,1.168511986732482910e+00,1.255007982254028320e+00
1.226154251098632812e+02,2.245501403808593750e+02,1.124447941780090332e+00,1.263167977333068848e+00
1.228504333496093750e+02,2.244783325195312500e+02,1.088544011116027832e+00,1.255007982254028320e+00
1.226741790771484375e+02,2.243869476318359375e+02,1.124447941780090332e+00,1.255007982254028320e+00
1.228373794555664062e+02,2.244783325195312500e+02,1.124447941780090332e+00,1.271327972412109375e+00
1.226872329711914062e+02,2.241519317626953125e+02,1.088544011116027832e+00,1.255007982254028320e+00
1.241429748535156250e+02,2.232445373535156250e+02,1.124447941780090332e+00,1.255007982254028320e+00
1.255073242187500000e+02,2.218671417236328125e+02,1.124447941780090332e+00,1.255007982254028320e+00
1.261731872558593750e+02,2.207377929687500000e+02,1.184831976890563965e+00,1.367616057395935059e+00
1.268129272460937500e+02,2.195235900878906250e+02,1.124447941780090332e+00,1.351295948028564453e+00
1.273025283813476562e+02,2.177283782958984375e+02,1.124447941780090332e+00,1.351295948028564453e+00
1.269891815185546875e+02,2.148364868164062500e+02,1.184831976890563965e+00,1.351295948028564453e+00
1.263690261840820312e+02,2.092615661621093750e+02,1.124447941780090332e+00,1.227264046669006348e+00
1.262058258056640625e+02,2.018588104248046875e+02,1.220736026763916016e+00,1.210944056510925293e+00
1.257031707763671875e+02,1.926216888427734375e+02,1.088544011116027832e+00,1.210944056510925293e+00
1.250373153686523438e+02,1.822682952880859375e+02,1.080384016036987305e+00,1.307232022285461426e+00
1.234053115844726562e+02,1.822682952880859375e+02,1.080384016036987305e+00,1.227264046669006348e+00
1.216884460449218750e+02,1.706288604736328125e+02,1.080384016036987305e+00,1.263167977333068848e+00
1.195994873046875000e+02,1.581864929199218750e+02,1.096704006195068359e+00,1.263167977333068848e+00
1.162179870605468750e+02,1.455482940673828125e+02,1.036319971084594727e+00,1.375776052474975586e+00
1.120988159179687500e+02,1.343397064208984375e+02,1.036319971084594727e+00,1.219104051589965820e+00
1.078882522583007812e+02,1.234967041015625000e+02,1.192991971969604492e+00,1.219104051589965820e+00
1.036907501220703125e+02,1.131041259765625000e+02,1.132608056068420410e+00,1.219104051589965820e+00
9.995673370361328125e+01,1.027507171630859375e+02,9.922559857368469238e-01,1.287647962570190430e+00
9.590937805175781250e+01,9.274329376220703125e+01,1.148928046226501465e+00,1.271327972412109375e+00
9.199257659912109375e+01,8.476608276367187500e+01,1.088544011116027832e+00,1.227264046669006348e+00
8.799091339111328125e+01,7.665177917480468750e+01,1.088544011116027832e+00,1.227264046669006348e+00
8.385215759277343750e+01,7.013030242919921875e+01,1.052639961242675781e+00,1.295807957649230957e+00
7.925644683837890625e+01,6.452275085449218750e+01,9.922559857368469238e-01,1.183200001716613770e+00
7.483699035644531250e+01,5.997273635864257812e+01,9.922559857368469238e-01,1.279487967491149902e+00
7.092018890380859375e+01,5.533132934570312500e+01,1.052639961242675781e+00,1.139135956764221191e+00
6.746688079833984375e+01,5.070297622680664062e+01,1.088544011116027832e+00,1.207679986953735352e+00
6.451622772216796875e+01,4.670131301879882812e+01,9.481920003890991211e-01,1.191359996795654297e+00
6.131097412109375000e+01,4.284326553344726562e+01,1.044479966163635254e+00,1.191359996795654297e+00
5.883686447143554688e+01,4.284326553344726562e+01,1.148928046226501465e+00,1.207679986953735352e+00
5.610815811157226562e+01,3.949440002441406250e+01,1.000416040420532227e+00,1.147295951843261719e+00
5.361446380615234375e+01,3.651110458374023438e+01,1.000416040420532227e+00,1.147295951843261719e+00
5.136230468750000000e+01,3.371059036254882812e+01,1.016736030578613281e+00,1.147295951843261719e+00
4.901875305175781250e+01,3.098188781738281250e+01,9.563519954681396484e-01,1.243584036827087402e+00
4.685145568847656250e+01,2.865139198303222656e+01,9.563519954681396484e-01,1.171776056289672852e+00
4.525209426879882812e+01,2.683008003234863281e+01,9.726719856262207031e-01,1.199519991874694824e+00
4.324800109863281250e+01,2.488473510742187500e+01,1.052639961242675781e+00,1.155455946922302246e+00
4.154419326782226562e+01,2.338982391357421875e+01,1.008576035499572754e+00,1.155455946922302246e+00
4.012108612060546875e+01,2.160767936706542969e+01,9.286080002784729004e-01,1.223999977111816406e+00
3.833894348144531250e+01,2.000831985473632812e+01,1.008576035499572754e+00,1.111392021179199219e+00
3.696153640747070312e+01,1.891161537170410156e+01,8.682240247726440430e-01,1.111392021179199219e+00
3.532953643798828125e+01,1.751462364196777344e+01,9.286080002784729004e-01,1.207679986953735352e+00
3.387379074096679688e+01,1.630041694641113281e+01,8.682240247726440430e-01,1.179936051368713379e+00
3.265958404541015625e+01,1.506662368774414062e+01,1.008576035499572754e+00,1.163615942001342773e+00
3.135398483276367188e+01,1.428326416015625000e+01,8.682240247726440430e-01,1.259904026985168457e+00
3.022463989257812500e+01,1.357171154022216797e+01,8.763840198516845703e-01,1.179936051368713379e+00
2.906918334960937500e+01,1.250111961364746094e+01,9.645119905471801758e-01,1.075487971305847168e+00
2.825318336486816406e+01,1.250111961364746094e+01,8.241599798202514648e-01,1.215839982032775879e+00
2.716953659057617188e+01,1.188096046447753906e+01,8.404800295829772949e-01,1.171776056289672852e+00
2.656243133544921875e+01,1.070592021942138672e+01,9.204480051994323730e-01,1.240319967269897461e+00
2.549184036254882812e+01,1.008576011657714844e+01,9.204480051994323730e-01,1.127712011337280273e+00
2.549184036254882812e+01,9.237119674682617188e+00,9.367679953575134277e-01,1.127712011337280273e+00
2.476723289489746094e+01,8.780159950256347656e+00,8.763840198516845703e-01,1.223999977111816406e+00
2.395123291015625000e+01,8.290559768676757812e+00,8.763840198516845703e-01,1.152191996574401855e+00
2.304384040832519531e+01,7.872767925262451172e+00,9.367679953575134277e-01,1.083647966384887695e+00
2.258687973022460938e+01,7.415808200836181641e+00,8.763840198516845703e-01,1.179936051368713379e+00
2.177087974548339844e+01,7.161215782165527344e+00,8.763840198516845703e-01,1.179936051368713379e+00
2.113113594055175781e+01,6.599808216094970703e+00,7.964159846305847168e-01,1.108127951622009277e+00
2.040652847290039062e+01,6.182015895843505859e+00,7.964159846305847168e-01,1.135872006416320801e+00
2.002137565612792969e+01,5.493311882019042969e+00,7.360320091247558594e-01,1.135872006416320801e+00
1.944038391113281250e+01,5.397024154663085938e+00,7.360320091247558594e-01,1.152191996574401855e+00
1.887897682189941406e+01,5.080416202545166016e+00,8.763840198516845703e-01,1.328448057174682617e+00
1.834367942810058594e+01,4.626719951629638672e+00,7.441920042037963867e-01,1.188096046447753906e+00
1.784102439880371094e+01,4.598976135253906250e+00,7.800959944725036621e-01,1.188096046447753906e+00
1.745587158203125000e+01,4.293791770935058594e+00,9.204480051994323730e-01,1.212576031684875488e+00
1.714252853393554688e+01,4.293791770935058594e+00,7.441920042037963867e-01,1.144032001495361328e+00
1.684876823425292969e+01,4.145279884338378906e+00,8.241599798202514648e-01,1.240319967269897461e+00
1.635916709899902344e+01,3.969023942947387695e+00,8.241599798202514648e-01,1.099967956542968750e+00
1.604582405090332031e+01,3.760128021240234375e+00,7.441920042037963867e-01,1.168511986732482910e+00
1.575206375122070312e+01,3.732383966445922852e+00,6.838080286979675293e-01,1.196256041526794434e+00
1.526246356964111328e+01,3.523488044738769531e+00,8.241599798202514648e-01,1.152191996574401855e+00
1.511231994628906250e+01,3.451679944992065430e+00,7.441920042037963867e-01,1.055904030799865723e+00
1.471411228179931641e+01,3.383136034011840820e+00,7.278720140457153320e-01,1.220736026763916016e+00
1.438771152496337891e+01,3.286848068237304688e+00,6.315839886665344238e-01,1.248479962348937988e+00
1.374796772003173828e+01,3.259104013442993164e+00,6.919680237770080566e-01,1.108127951622009277e+00
1.400255966186523438e+01,3.138335943222045898e+00,7.719359993934631348e-01,1.168511986732482910e+00
1.342156791687011719e+01,3.206880092620849609e+00,6.756479740142822266e-01,1.248479962348937988e+00
1.334976005554199219e+01,3.042047977447509766e+00,6.756479740142822266e-01,1.108127951622009277e+00
1.302336025238037109e+01,2.962080001831054688e+00,5.875200033187866211e-01,1.108127951622009277e+00
1.260556793212890625e+01,2.901695966720581055e+00,7.197120189666748047e-01,1.176671981811523438e+00
1.237055969238281250e+01,2.997983932495117188e+00,6.234239935874938965e-01,1.108127951622009277e+00
1.204415988922119141e+01,2.926176071166992188e+00,5.875200033187866211e-01,1.108127951622009277e+00
1.162636756896972656e+01,2.761343955993652344e+00,6.674879789352416992e-01,1.108127951622009277e+00
1.139136028289794922e+01,2.761343955993652344e+00,7.115520238876342773e-01,1.176671981811523438e+00
1.122815990447998047e+01,2.829888105392456055e+00,6.756479740142822266e-01,1.108127951622009277e+00
1.086911964416503906e+01,2.761343955993652344e+00,6.593279838562011719e-01,1.108127951622009277e+00
1.079731178283691406e+01,2.761343955993652344e+00,7.556160092353820801e-01,1.108127951622009277e+00
1.058841609954833984e+01,2.541023969650268555e+00,7.197120189666748047e-01,1.080384016036987305e+00
1.042521572113037109e+01,2.665055990219116211e+00,6.593279838562011719e-01,1.152191996574401855e+00
1.047091197967529297e+01,2.637311935424804688e+00,7.033920288085937500e-01,1.152191996574401855e+00
1.021632003784179688e+01,2.472480058670043945e+00,7.115520238876342773e-01,1.072224020957946777e+00
1.014451217651367188e+01,2.444736003875732422e+00,5.548800230026245117e-01,1.055904030799865723e+00
9.876864433288574219e+00,2.472480058670043945e+00,7.392960190773010254e-01,1.152191996574401855e+00
9.681023597717285156e+00,2.472480058670043945e+00,6.430079936981201172e-01,1.152191996574401855e+00
9.772416114807128906e+00,2.541023969650268555e+00,6.511679887771606445e-01,1.080384016036987305e+00
9.772416114807128906e+00,2.235840082168579102e+00,6.870719790458679199e-01,1.152191996574401855e+00
9.681023597717285156e+00,2.348448038101196289e+00,6.870719790458679199e-01,1.055904030799865723e+00
9.609215736389160156e+00,2.279903888702392578e+00,7.474560141563415527e-01,1.055904030799865723e+00
9.446016311645507812e+00,2.340287923812866211e+00,7.311360239982604980e-01,1.124447941780090332e+00
9.191424369812011719e+00,2.183615922927856445e+00,6.789119839668273926e-01,1.099967956542968750e+00
9.387264251708984375e+00,2.183615922927856445e+00,6.870719790458679199e-01,1.099967956542968750e+00
8.969471931457519531e+00,2.227679967880249023e+00,7.229760289192199707e-01,1.003679990768432617e+00
8.793215751647949219e+00,2.199935913085937500e+00,6.789119839668273926e-01,1.072224020957946777e+00
8.897664070129394531e+00,2.131392002105712891e+00,7.392960190773010254e-01,1.003679990768432617e+00
8.643072128295898438e+00,2.103647947311401367e+00,6.789119839668273926e-01,1.003679990768432617e+00
8.838912010192871094e+00,2.079168081283569336e+00,6.348479986190795898e-01,1.160351991653442383e+00
8.512512207031250000e+00,2.079168081283569336e+00,6.952319741249084473e-01,1.003679990768432617e+00
8.421119689941406250e+00,2.235840082168579102e+00,7.311360239982604980e-01,1.144032001495361328e+00
8.186112403869628906e+00,2.123231887817382812e+00,7.311360239982604980e-01,1.144032001495361328e+00
8.186112403869628906e+00,2.095488071441650391e+00,7.311360239982604980e-01,1.116287946701049805e+00
7.931519985198974609e+00,1.930655956268310547e+00,7.392960190773010254e-01,9.514560103416442871e-01
7.859712123870849609e+00,1.999199986457824707e+00,5.907840132713317871e-01,9.514560103416442871e-01
7.696512222290039062e+00,1.930655956268310547e+00,5.907840132713317871e-01,1.091807961463928223e+00
7.324416160583496094e+00,1.974720001220703125e+00,6.511679887771606445e-01,1.064064025878906250e+00
7.637760162353515625e+00,1.991039991378784180e+00,6.870719790458679199e-01,9.955199956893920898e-01
7.546368122100830078e+00,1.922495961189270020e+00,6.870719790458679199e-01,9.955199956893920898e-01
7.474559783935546875e+00,1.894752025604248047e+00,6.071040034294128418e-01,1.039584040641784668e+00
7.311359882354736328e+00,1.966560006141662598e+00,6.430079936981201172e-01,1.011839985847473145e+00
7.219967842102050781e+00,1.930655956268310547e+00,6.430079936981201172e-01,9.432960152626037598e-01
7.043712139129638672e+00,1.870272040367126465e+00,7.033920288085937500e-01,1.083647966384887695e+00
7.043712139129638672e+00,1.870272040367126465e+00,6.430079936981201172e-01,1.099967956542968750e+00
7.043712139129638672e+00,1.773983955383300781e+00,6.430079936981201172e-01,1.083647966384887695e+00
6.684671878814697266e+00,1.790303945541381836e+00,7.033920288085937500e-01,1.127712011337280273e+00
6.776063919067382812e+00,1.765823960304260254e+00,6.430079936981201172e-01,1.031424045562744141e+00
6.776063919067382812e+00,1.738080024719238281e+00,5.026559829711914062e-01,1.031424045562744141e+00
6.684671878814697266e+00,1.809888005256652832e+00,6.952319741249084473e-01,1.003679990768432617e+00
6.449664115905761719e+00,1.713600039482116699e+00,6.071040034294128418e-01,9.792000055313110352e-01
6.403967857360839844e+00,1.685855984687805176e+00,5.548800230026245117e-01,9.792000055313110352e-01
6.123263835906982422e+00,1.617311954498291016e+00,5.548800230026245117e-01,9.792000055313110352e-01
6.227712154388427734e+00,1.633631944656372070e+00,6.152639985084533691e-01,9.955199956893920898e-01
5.868671894073486328e+00,1.565088033676147461e+00,5.989440083503723145e-01,9.269760251045227051e-01
6.064511775970458984e+00,1.581408023834228516e+00,5.989440083503723145e-01,1.067327976226806641e+00
5.901311874389648438e+00,1.556928038597106934e+00,5.630400180816650391e-01,9.710400104522705078e-01
5.542272090911865234e+00,1.460639953613281250e+00,5.026559829711914062e-01,9.432960152626037598e-01
5.738111972808837891e+00,1.476959943771362305e+00,4.063679873943328857e-01,9.710400104522705078e-01
5.574912071228027344e+00,1.408416032791137695e+00,4.667519927024841309e-01,1.015104055404663086e+00
5.320320129394531250e+00,1.408416032791137695e+00,4.667519927024841309e-01,9.792000055313110352e-01
5.248511791229248047e+00,1.424736022949218750e+00,5.467200279235839844e-01,9.628800153732299805e-01
5.248511791229248047e+00,1.356191992759704590e+00,5.467200279235839844e-01,1.006943941116333008e+00
4.993919849395751953e+00,1.460639953613281250e+00,5.108159780502319336e-01,1.006943941116333008e+00
5.085311889648437500e+00,1.452479958534240723e+00,5.467200279235839844e-01,1.023264050483703613e+00
4.993919849395751953e+00,1.400256037712097168e+00,5.467200279235839844e-01,9.547200202941894531e-01
4.922111988067626953e+00,1.372511982917785645e+00,4.063679873943328857e-01,9.987840056419372559e-01
4.922111988067626953e+00,1.303967952728271484e+00,5.989440083503723145e-01,9.024959802627563477e-01
4.830719947814941406e+00,1.460639953613281250e+00,4.504320025444030762e-01,9.188159704208374023e-01
4.758912086486816406e+00,1.295807957649230957e+00,4.504320025444030762e-01,8.502719998359680176e-01
4.595712184906005859e+00,1.339872002601623535e+00,5.108159780502319336e-01,9.906240105628967285e-01
4.589183807373046875e+00,1.259904026985168457e+00,4.944959878921508789e-01,8.943359851837158203e-01
4.476575851440429688e+00,1.243584036827087402e+00,3.982079923152923584e-01,9.106559753417968750e-01
4.380288124084472656e+00,1.259904026985168457e+00,3.459840118885040283e-01,8.421120047569274902e-01
4.396607875823974609e+00,1.287647962570190430e+00,3.459840118885040283e-01,8.861759901046752930e-01
4.424352169036865234e+00,1.163615942001342773e+00,4.863359928131103516e-01,9.465600252151489258e-01
4.283999919891357422e+00,1.331712007522583008e+00,4.504320025444030762e-01,9.302399754524230957e-01
4.143648147583007812e+00,1.139135956764221191e+00,3.900479972362518311e-01,8.339520096778869629e-01
4.275839805603027344e+00,1.139135956764221191e+00,3.900479972362518311e-01,8.780159950256347656e-01
4.336224079132080078e+00,1.155455946922302246e+00,3.541440069675445557e-01,8.943359851837158203e-01
4.127327919006347656e+00,1.227264046669006348e+00,5.303999781608581543e-01,9.220799803733825684e-01
4.171391963958740234e+00,1.243584036827087402e+00,4.341120123863220215e-01,9.661440253257751465e-01
4.091423988342285156e+00,1.271327972412109375e+00,4.341120123863220215e-01,8.698559999465942383e-01
4.119167804718017578e+00,1.139135956764221191e+00,3.900479972362518311e-01,8.861759901046752930e-01
4.163231849670410156e+00,1.078752040863037109e+00,4.259519875049591064e-01,8.176320195198059082e-01
4.083263874053955078e+00,1.122815966606140137e+00,2.333759963512420654e-01,9.579839706420898438e-01
4.014719963073730469e+00,1.139135956764221191e+00,3.378239870071411133e-01,8.616960048675537109e-01
4.058784008026123047e+00,1.070592045783996582e+00,4.177919924259185791e-01,9.220799803733825684e-01
3.978816032409667969e+00,1.130975961685180664e+00,3.215039968490600586e-01,8.094720244407653809e-01
3.910271883010864258e+00,1.158720016479492188e+00,2.856000065803527832e-01,8.535360097885131836e-01
3.918431997299194336e+00,1.106495976448059082e+00,3.655680119991302490e-01,8.176320195198059082e-01
3.858047962188720703e+00,9.743040204048156738e-01,3.655680119991302490e-01,8.975999951362609863e-01
3.902112007141113281e+00,1.054272055625915527e+00,3.737280070781707764e-01,8.453760147094726562e-01
3.866208076477050781e+00,9.743040204048156738e-01,3.133440017700195312e-01,7.490879893302917480e-01
3.893951892852783203e+00,1.002048015594482422e+00,3.574079871177673340e-01,9.057599902153015137e-01
3.938015937805175781e+00,1.062432050704956055e+00,2.692799866199493408e-01,7.931519746780395508e-01
3.902112007141113281e+00,1.090175986289978027e+00,3.492479920387268066e-01,8.372160196304321289e-01
3.833568096160888672e+00,1.090175986289978027e+00,3.933120071887969971e-01,8.372160196304321289e-01
3.923327922821044922e+00,8.975999951362609863e-01,2.970240116119384766e-01,8.975999951362609863e-01
3.841727972030639648e+00,1.054272055625915527e+00,3.933120071887969971e-01,9.253439903259277344e-01
3.805824041366577148e+00,9.416639804840087891e-01,2.448000013828277588e-01,8.290560245513916016e-01
3.910271883010864258e+00,1.002048015594482422e+00,2.888639867305755615e-01,8.731200098991394043e-01
3.729120016098022461e+00,1.029791951179504395e+00,2.970240116119384766e-01,7.931519746780395508e-01
3.792768001556396484e+00,8.535360097885131836e-01,2.366400063037872314e-01,8.208960294723510742e-01
3.747071981430053711e+00,9.335039854049682617e-01,2.807039916515350342e-01,7.246080040931701660e-01
3.838464021682739258e+00,8.812800049781799316e-01,1.925760060548782349e-01,8.290560245513916016e-01
3.779711961746215820e+00,9.416639804840087891e-01,2.284799963235855103e-01,9.090240001678466797e-01
3.897216081619262695e+00,8.731200098991394043e-01,1.762560009956359863e-01,8.127359747886657715e-01
3.825407981872558594e+00,9.335039854049682617e-01,2.284799963235855103e-01,7.605119943618774414e-01
3.929856061935424805e+00,9.612479805946350098e-01,1.680960059165954590e-01,8.208960294723510742e-01
3.884160041809082031e+00,9.612479805946350098e-01,2.121600061655044556e-01,7.082880139350891113e-01
3.884160041809082031e+00,9.612479805946350098e-01,2.121600061655044556e-01,7.082880139350891113e-01
3.975552082061767578e+00,1.049376010894775391e+00,3.002879917621612549e-01,7.523519992828369141e-01
4.079999923706054688e+00,9.171839952468872070e-01,2.480639964342117310e-01,7.164480090141296387e-01
3.766655921936035156e+00,9.171839952468872070e-01,1.517760008573532104e-01,8.404800295829772949e-01
3.766655921936035156e+00,9.171839952468872070e-01,1.517760008573532104e-01,8.404800295829772949e-01
3.858047962188720703e+00,1.005311965942382812e+00,1.436160057783126831e-01,7.882559895515441895e-01
3.799295902252197266e+00,8.927040100097656250e-01,1.876800060272216797e-01,7.523519992828369141e-01
3.799295902252197266e+00,8.927040100097656250e-01,1.876800060272216797e-01,7.523519992828369141e-01
3.694848060607910156e+00,9.971519708633422852e-01,2.758080065250396729e-01,7.800959944725036621e-01
3.786240100860595703e+00,9.808319807052612305e-01,1.795199960470199585e-01,7.882559895515441895e-01
3.890687942504882812e+00,9.449279904365539551e-01,2.758080065250396729e-01,8.241599798202514648e-01
3.890687942504882812e+00,9.449279904365539551e-01,2.758080065250396729e-01,8.241599798202514648e-01
3.668735980987548828e+00,8.845440149307250977e-01,1.191359981894493103e-01,6.756479740142822266e-01
3.668735980987548828e+00,8.845440149307250977e-01,1.191359981894493103e-01,6.756479740142822266e-01
3.773184061050415039e+00,9.645119905471801758e-01,2.154240012168884277e-01,7.800959944725036621e-01
3.551232099533081055e+00,9.726719856262207031e-01,1.991039961576461792e-01,6.674879789352416992e-01
3.388031959533691406e+00,9.563519954681396484e-01,1.550399959087371826e-01,7.115520238876342773e-01
3.388031959533691406e+00,9.563519954681396484e-01,1.550399959087371826e-01,7.115520238876342773e-01
3.596927881240844727e+00,8.078399896621704102e-01,2.350080013275146484e-01,6.593279838562011719e-01
3.596927881240844727e+00,8.078399896621704102e-01,2.350080013275146484e-01,6.593279838562011719e-01
3.492480039596557617e+00,9.922559857368469238e-01,1.387200057506561279e-01,7.033920288085937500e-01
3.479423999786376953e+00,7.637760043144226074e-01,1.746239960193634033e-01,7.556160092353820801e-01
3.479423999786376953e+00,7.637760043144226074e-01,1.746239960193634033e-01,7.556160092353820801e-01
3.433727979660034180e+00,8.878080248832702637e-01,1.224000006914138794e-01,8.355839848518371582e-01
3.257472038269042969e+00,8.355839848518371582e-01,2.545920014381408691e-01,6.952319741249084473e-01
3.257472038269042969e+00,8.355839848518371582e-01,2.545920014381408691e-01,6.952319741249084473e-01
3.198719978332519531e+00,8.274239897727966309e-01,1.583040058612823486e-01,7.311360239982604980e-01
3.035520076751708984e+00,8.714879751205444336e-01,2.023680061101913452e-01,7.311360239982604980e-01
3.035520076751708984e+00,8.714879751205444336e-01,2.023680061101913452e-01,7.311360239982604980e-01
3.035520076751708984e+00,8.714879751205444336e-01,2.023680061101913452e-01,7.311360239982604980e-01
3.035520076751708984e+00,8.714879751205444336e-01,2.023680061101913452e-01,7.311360239982604980e-01
3.035520076751708984e+00,8.355839848518371582e-01,1.583040058612823486e-01,7.311360239982604980e-01
3.094271898269653320e+00,8.714879751205444336e-01,2.023680061101913452e-01,7.311360239982604980e-01
3.153023958206176758e+00,8.714879751205444336e-01,1.583040058612823486e-01,6.952319741249084473e-01
3.153023958206176758e+00,8.714879751205444336e-01,1.583040058612823486e-01,6.952319741249084473e-01
3.035520076751708984e+00,8.355839848518371582e-01,2.023680061101913452e-01,7.311360239982604980e-01
3.153023958206176758e+00,8.714879751205444336e-01,2.023680061101913452e-01,7.311360239982604980e-01
3.035520076751708984e+00,8.355839848518371582e-01,1.583040058612823486e-01,6.952319741249084473e-01
3.035520076751708984e+00,8.714879751205444336e-01,2.023680061101913452e-01,7.311360239982604980e-01
3.153023958206176758e+00,8.714879751205444336e-01,2.023680061101913452e-01,7.311360239982604980e-01
3.303168058395385742e+00,8.714879751205444336e-01,1.583040058612823486e-01,7.833600044250488281e-01
3.303168058395385742e+00,7.392960190773010254e-01,2.023680061101913452e-01,8.274239897727966309e-01
